a=1;
b=3
%%



b=23333
%%