a=1;
b=3
%%



b=323333
%%